1424 1425 1
72 112 1
16 804 1
1599 550 1
349 1021 1
806 581 1
1077 1240 1
374 322 1
1767 335 1
446 1500 1
576 6 1
869 56 1
1774 1238 1
1907 525 1
1483 1556 1
1868 1141 1
1080 1850 1
1693 766 1
1739 198 1
1255 476 1
1104 1162 1
339 1018 1
1234 1087 1
1529 1512 1
31 575 1
1483 1485 1
1002 959 1
1289 1275 1
543 527 1
890 1706 1
2043 62 1
1615 1960 1
525 754 1
1303 1918 1
112 926 1
1560 431 1
1210 1830 1
6 558 1
462 429 1
2051 933 1
311 2093 1
1798 1084 1
1942 1951 1
1262 1519 1
1400 204 1
1199 1236 1
66 108 1
1367 10 1
1590 710 1
890 865 1
126 1709 1
1096 1808 1
397 1559 1
1614 1333 1
1881 1843 1
1021 237 1
792 803 1
772 802 1
785 20 1
1356 1353 1
1677 792 1
750 1960 1
105 933 1
1250 1570 1
219 1396 1
1757 1752 1
580 1997 1
510 1976 1
1195 1880 1
571 1988 1
2015 1346 1
757 1636 1
1860 1216 1
592 555 1
910 69 1
1948 1603 1
747 1905 1
1977 760 1
1771 1035 1
1929 1314 1
1629 528 1
492 414 1
112 2070 1
1705 868 1
939 860 1
54 2071 1
2036 1707 1
417 1260 1
697 305 1
767 789 1
682 1438 1
1183 1830 1
231 2082 1
124 934 1
334 292 1
2029 10 1
632 954 1
1104 1103 1
1588 1302 1
323 386 1
858 65 1
211 668 1
2017 1648 1
1152 1851 1
1893 1791 1
405 479 1
1630 1618 1
1474 448 1
2044 112 1
1670 24 1
820 857 1
23 593 1
1187 1163 1
1696 557 1
152 986 1
1035 278 1
1210 1158 1
300 1063 1
1660 2023 1
1743 614 1
428 420 1
518 1598 1
1318 1612 1
1381 192 1
1617 1628 1
1335 1358 1
378 251 1
1985 1676 1
1824 1074 1
874 1715 1
1422 689 1
1256 1450 1
426 454 1
1554 409 1
1307 1330 1
960 229 1
914 58 1
987 1759 1
1726 841 1
339 688 1
1182 1190 1
926 905 1
438 1548 1
1706 61 1
1153 1072 1
386 1025 1
1107 1829 1
1416 393 1
1723 888 1
208 1740 1
1547 1441 1
1293 505 1
1359 1674 1
132 2058 1
1650 605 1
1366 807 1
1668 1698 1
365 1437 1
1082 1902 1
1233 1237 1
736 1930 1
1174 1201 1
1473 1275 1
554 1616 1
266 389 1
1966 1958 1
276 1044 1
882 824 1
1615 1607 1
553 1632 1
184 1390 1
1715 112 1
827 911 1
99 122 1
642 611 1
1713 126 1
1552 1257 1
1009 2081 1
2041 892 1
2001 45 1
2093 325 1
1093 1213 1
2001 25 1
1904 537 1
1952 1964 1
392 359 1
935 81 1
597 605 1
1290 413 1
317 332 1
1434 1034 1
1893 1784 1
1347 8 1
968 652 1
893 1714 1
1642 1969 1
1264 1484 1
1173 1152 1
854 122 1
1275 475 1
1329 1637 1
1745 971 1
1355 2025 1
2025 2022 1
609 812 1
701 319 1
2089 1394 1
727 1621 1
35 588 1
1966 1947 1
201 155 1
770 2 1
1600 723 1
204 975 1
2048 136 1
1821 1778 1
1535 1482 1
862 1724 1
1545 1552 1
569 2013 1
1556 1441 1
893 867 1
849 892 1
999 995 1
1711 109 1
1277 485 1
1859 1181 1
1596 1333 1
463 470 1
1911 1614 1
581 1654 1
1069 678 1
1315 1940 1
2084 183 1
914 104 1
712 519 1
1704 1701 1
1234 1219 1
306 686 1
1671 574 1
1956 1620 1
971 997 1
1852 1822 1
1617 1602 1
740 544 1
2088 1748 1
281 1055 1
636 200 1
979 627 1
1044 690 1
1981 1312 1
139 194 1
940 931 1
1286 1248 1
1853 1886 1
1572 1472 1
735 1328 1
999 650 1
1782 1132 1
1676 1682 1
373 690 1
178 1744 1
1647 1695 1
388 1015 1
2057 69 1
1598 734 1
1135 1180 1
1480 1272 1
733 1603 1
1416 1770 1
517 1634 1
1081 1114 1
1273 486 1
1971 1591 1
210 657 1
1568 432 1
784 1366 1
215 613 1
799 789 1
1571 704 1
39 1650 1
2081 975 1
941 946 1
650 2072 1
637 158 1
1487 1557 1
1159 1165 1
517 1974 1
913 68 1
183 994 1
2061 2053 1
1165 1850 1
2090 959 1
1019 257 1
842 849 1
787 602 1
297 296 1
1944 1636 1
462 467 1
1678 1344 1
437 1516 1
656 168 1
626 1008 1
1455 1547 1
561 778 1
1697 781 1
2066 849 1
913 65 1
968 1392 1
798 1352 1
809 791 1
1140 1872 1
671 1741 1
108 1711 1
2076 1010 1
1826 1071 1
1548 489 1
1544 1443 1
260 1424 1
69 72 1
1006 1002 1
1194 1100 1
238 701 1
1758 2086 1
24 2029 1
1518 1584 1
1298 1937 1
1499 403 1
1527 1286 1
164 652 1
1789 1818 1
381 1038 1
534 1958 1
223 1380 1
1709 932 1
1177 1879 1
428 469 1
829 875 1
1828 1200 1
1816 1828 1
158 190 1
476 1250 1
332 324 1
1330 1601 1
1528 450 1
812 561 1
913 833 1
1045 339 1
1661 10 1
339 1055 1
391 281 1
1741 210 1
1637 750 1
982 999 1
1607 524 1
863 826 1
1245 1542 1
1251 1536 1
2042 103 1
336 261 1
894 871 1
1858 1096 1
1983 753 1
877 2063 1
1806 1238 1
1467 1497 1
1426 1420 1
1480 1441 1
176 153 1
1359 1997 1
1448 1289 1
1879 1783 1
1293 1595 1
968 198 1
1726 851 1
167 630 1
261 287 1
884 850 1
668 204 1
675 1014 1
1191 1124 1
1997 773 1
1367 1992 1
1485 1250 1
1634 1606 1
115 98 1
1201 1100 1
627 978 1
1212 1073 1
1169 1900 1
1804 1078 1
1045 683 1
1824 1858 1
598 1376 1
1240 1219 1
1856 1234 1
1304 1298 1
1025 392 1
1743 611 1
1611 1632 1
73 856 1
1061 1438 1
873 91 1
1974 1301 1
2030 820 1
20 559 1
352 338 1
1410 369 1
229 231 1
1848 1155 1
364 1414 1
366 1769 1
963 1010 1
25 564 1
1452 1271 1
1994 20 1
1302 1296 1
776 2027 1
1784 1171 1
1004 1398 1
1091 1778 1
1300 1310 1
1687 601 1
1933 1592 1
1725 941 1
110 79 1
1626 549 1
1862 1112 1
1044 239 1
1487 1243 1
33 18 1
904 889 1
435 1556 1
707 1600 1
1918 497 1
203 1013 1
1262 1523 1
612 202 1
296 367 1
2060 2039 1
1662 2002 1
1141 1158 1
304 306 1
396 1558 1
1042 282 1
1890 1849 1
1013 655 1
1141 1862 1
401 1284 1
1033 1029 1
1559 439 1
1795 1824 1
1960 510 1
767 769 1
1820 1218 1
327 1053 1
1877 1898 1
1674 1994 1
948 130 1
2036 2046 1
1985 609 1
1700 909 1
420 433 1
1148 1839 1
1157 1219 1
1988 1351 1
23 41 1
388 1031 1
1113 1884 1
512 1976 1
1062 301 1
1878 1205 1
1330 1945 1
1049 267 1
1741 997 1
1491 1483 1
553 1630 1
1115 1831 1
1890 1831 1
1880 1177 1
1933 1331 1
188 615 1
876 825 1
1145 1208 1
1806 1083 1
1947 1302 1
1779 1824 1
1491 1523 1
1337 797 1
475 1571 1
1296 496 1
708 503 1
2034 72 1
30 1647 1
306 251 1
773 20 1
1632 732 1
1470 1517 1
137 978 1
1340 561 1
276 1586 -1
962 1118 -1
459 98 -1
1961 804 -1
1090 1744 -1
1111 1408 -1
140 876 -1
1441 1236 -1
1952 1776 -1
1106 193 -1
1372 873 -1
1471 1910 -1
99 1545 -1
688 1327 -1
1587 2080 -1
766 518 -1
2062 1516 -1
1581 1367 -1
152 1325 -1
1857 572 -1
916 1608 -1
1002 499 -1
577 754 -1
1884 1908 -1
127 1898 -1
1058 1083 -1
669 2070 -1
1036 558 -1
190 1989 -1
154 1050 -1
1918 1111 -1
974 1975 -1
105 1598 -1
1616 1737 -1
263 33 -1
1445 1822 -1
1321 1545 -1
1522 2097 -1
1865 489 -1
642 736 -1
1775 864 -1
1766 565 -1
871 1127 -1
982 602 -1
1199 1684 -1
69 1121 -1
1046 2005 -1
1570 1164 -1
1869 1311 -1
273 190 -1
1489 1968 -1
503 379 -1
666 1861 -1
1368 315 -1
1430 809 -1
813 1048 -1
309 1232 -1
2005 1167 -1
310 2063 -1
858 297 -1
1185 529 -1
1025 974 -1
2017 264 -1
419 670 -1
1320 265 -1
1366 1304 -1
1685 520 -1
1000 817 -1
426 59 -1
1892 895 -1
298 1988 -1
861 275 -1
1858 193 -1
340 149 -1
766 531 -1
283 1643 -1
955 733 -1
949 1697 -1
1955 1367 -1
451 1426 -1
1806 989 -1
1062 1260 -1
1716 1586 -1
970 1996 -1
1328 922 -1
1731 1446 -1
1473 2072 -1
2003 1786 -1
607 1128 -1
1079 217 -1
869 1210 -1
1839 923 -1
1531 1824 -1
1502 1680 -1
40 1859 -1
1101 972 -1
136 1497 -1
1026 1401 -1
1431 418 -1
1924 1817 -1
292 945 -1
2076 452 -1
936 662 -1
922 981 -1
443 2097 -1
322 1323 -1
1293 1 -1
1 1623 -1
1526 669 -1
876 1432 -1
1428 430 -1
1755 1488 -1
171 1603 -1
1321 448 -1
448 170 -1
816 1998 -1
1988 818 -1
565 1452 -1
596 1630 -1
1645 886 -1
592 407 -1
23 402 -1
2063 512 -1
1720 286 -1
835 1261 -1
371 1738 -1
331 2073 -1
539 490 -1
213 460 -1
1332 1460 -1
1668 1461 -1
1580 1405 -1
1329 118 -1
669 1468 -1
246 1600 -1
1234 691 -1
1475 300 -1
1805 1707 -1
1168 1551 -1
663 284 -1
1109 652 -1
904 543 -1
777 824 -1
937 998 -1
814 586 -1
164 776 -1
532 1410 -1
1419 1078 -1
1983 967 -1
1973 674 -1
966 1085 -1
1388 843 -1
1271 2070 -1
315 1406 -1
721 1137 -1
1097 1740 -1
1349 1146 -1
1926 559 -1
2036 517 -1
1771 1456 -1
956 1715 -1
46 337 -1
916 1222 -1
1577 2081 -1
1460 586 -1
1582 359 -1
8 1040 -1
167 342 -1
1896 1643 -1
1567 916 -1
13 1227 -1
1088 140 -1
1141 818 -1
453 809 -1
1315 1383 -1
1488 1130 -1
588 1712 -1
780 1440 -1
651 19 -1
217 1093 -1
1628 463 -1
116 148 -1
336 1519 -1
623 106 -1
1091 937 -1
315 600 -1
1749 1460 -1
1212 1429 -1
695 120 -1
2071 1138 -1
3 1797 -1
61 792 -1
1027 1209 -1
1551 1425 -1
1125 74 -1
257 2043 -1
395 737 -1
264 1160 -1
2002 749 -1
1759 2044 -1
1884 513 -1
1596 1458 -1
948 553 -1
1396 244 -1
439 238 -1
1148 12 -1
369 1258 -1
906 173 -1
1442 787 -1
1755 259 -1
168 1037 -1
1614 1049 -1
1572 1410 -1
1430 1588 -1
76 483 -1
465 1180 -1
1369 1294 -1
779 471 -1
490 1370 -1
348 1561 -1
335 99 -1
1389 262 -1
1992 1016 -1
37 1245 -1
1515 1042 -1
1089 1620 -1
137 929 -1
2051 981 -1
690 936 -1
359 781 -1
1972 2025 -1
535 147 -1
259 1104 -1
336 1086 -1
220 1766 -1
773 889 -1
686 1497 -1
1591 1756 -1
1468 816 -1
1963 1271 -1
760 1132 -1
955 843 -1
504 174 -1
884 991 -1
608 220 -1
454 1683 -1
1107 1403 -1
1812 511 -1
1493 553 -1
803 170 -1
965 488 -1
1669 1031 -1
1395 892 -1
392 2022 -1
281 1670 -1
1985 359 -1
1271 133 -1
729 613 -1
1069 1733 -1
1751 1524 -1
691 1683 -1
1326 95 -1
86 321 -1
1610 129 -1
1090 1950 -1
186 1468 -1
1482 1038 -1
549 1493 -1
794 421 -1
488 915 -1
985 1807 -1
71 1099 -1
66 1580 -1
1241 1727 -1
691 487 -1
1126 903 -1
847 2072 -1
2029 1785 -1
1820 654 -1
1342 982 -1
1956 1449 -1
1711 1136 -1
1202 334 -1
1984 1723 -1
326 86 -1
721 230 -1
202 1088 -1
47 1178 -1
1415 1547 -1
1466 47 -1
402 1408 -1
725 139 -1
295 1933 -1
465 797 -1
1230 351 -1
55 1450 -1
1600 1498 -1
162 1238 -1
903 1062 -1
1744 1929 -1
1090 1030 -1
338 2048 -1
1205 573 -1
1115 1466 -1
1151 1281 -1
1402 1039 -1
926 317 -1
1054 1535 -1
1095 673 -1
73 514 -1
224 803 -1
1158 1253 -1
1282 1963 -1
1620 1077 -1
1021 1364 -1
1462 855 -1
1021 1007 -1
1491 1121 -1
580 1271 -1
587 1476 -1
1113 1969 -1
494 867 -1
1254 1643 -1
1931 1430 -1
1723 1107 -1
483 301 -1
1888 527 -1
1964 577 -1
1802 585 -1
1999 1063 -1
258 874 -1
1474 916 -1
226 1608 -1
209 926 -1
723 623 -1
694 116 -1
1203 1018 -1
425 240 -1
2045 1814 -1
1032 771 -1
1689 340 -1
334 121 -1
313 982 -1
798 1854 -1
1367 647 -1
1884 1930 -1
1891 1616 -1
358 1201 -1
65 1686 -1
581 1825 -1
